1 0.3950326797385621 0.17938271604938272 0.47289215686274516 0.2716049382716049
1 0.364281045751634 0.4262962962962963 0.5574836601307189 0.34713580246913583
1 0.36764705882352944 0.776320987654321 0.585359477124183 0.39651851851851855
1 0.7891176470588235 0.7988395061728394 0.11725490196078432 0.19753086419753085
1 0.9426143790849673 0.804641975308642 0.11477124183006535 0.1771851851851852
1 0.7602777777777778 0.607111111111111 0.11341503267973856 0.11911111111111111
1 0.9387745098039215 0.6143703703703703 0.12245098039215686 0.14814814814814814
1 0.7583660130718954 0.41975308641975306 0.1287908496732026 0.1365185185185185
1 0.9469444444444444 0.40958024691358025 0.1061111111111111 0.14523456790123457
1 0.7593300653594771 0.22876543209876546 0.14225490196078433 0.14669135802469135
1 0.9411764705882353 0.21496296296296297 0.11764705882352941 0.16558024691358025