1 0.4930555555555556 0.8117732558139535 0.47467320261437906 0.25726744186046513
1 0.1854575163398693 0.5835755813953488 0.0784313725490196 0.10319767441860465
1 0.3088235294117647 0.5879360465116279 0.0915032679738562 0.11482558139534883
1 0.4354575163398693 0.5857558139534884 0.07516339869281045 0.09302325581395349
1 0.545751633986928 0.5886627906976745 0.07516339869281045 0.10174418604651163
1 0.6699346405228758 0.5886627906976745 0.08006535947712418 0.10465116279069768
1 0.8018790849673203 0.5901162790697675 0.09068627450980392 0.10174418604651163
1 0.31781045751633985 0.40334302325581395 0.3415032679738562 0.1816860465116279
1 0.6703431372549019 0.3946220930232558 0.3194444444444444 0.1875
1 0.32393790849673204 0.19549418604651161 0.23284313725490197 0.21656976744186046
1 0.6478758169934641 0.18531976744186046 0.33986928104575165 0.1933139534883721