1 0.9132435897435898 0.7130821917808219 0.17350000000000002 0.4063926940639269
1 0.6632435897435898 0.7184246575342466 0.2 0.502283105022831
1 0.22692307692307692 0.6765525114155251 0.25214102564102564 0.6103424657534247
1 0.05555128205128205 0.7892009132420091 0.11111538461538462 0.3972602739726027
1 0.3632435897435897 0.2945205479452055 0.16067948717948718 0.39116438356164385
1 0.7303461538461538 0.26180365296803654 0.18547435897435896 0.36833333333333335
1 0.9051282051282051 0.3485616438356164 0.18974358974358974 0.31353881278538814
1 0.5927307692307692 0.16057077625570776 0.18205128205128204 0.3211643835616438
1 0.4388846153846154 0.07534246575342465 0.11025641025641025 0.1506849315068493
1 0.25769230769230766 0.12404109589041096 0.1717948717948718 0.24810502283105024
1 0.5098333333333334 0.6613470319634703 0.21794871794871795 0.6773287671232877