1 0.02883986928104575 0.12532019704433497 0.05766339869281046 0.16950738916256156
1 0.12735294117647059 0.12098522167487684 0.10284313725490196 0.15211822660098523
1 0.26383986928104575 0.09561576354679803 0.10284313725490196 0.191256157635468
1 0.03124183006535948 0.29701970443349757 0.06248366013071896 0.15357142857142858
1 0.26624183006535945 0.2941133004926108 0.12111111111111111 0.15068965517241378
1 0.03027777777777778 0.4708866995073892 0.06055555555555556 0.13039408866995073
1 0.11821895424836601 0.4875369458128079 0.0961111111111111 0.14344827586206896
1 0.23405228758169935 0.4947783251231527 0.11245098039215685 0.14054187192118228
1 0.03315359477124183 0.6403940886699507 0.06632352941176471 0.1419950738916256
1 0.1283169934640523 0.6635714285714286 0.10091503267973856 0.15357142857142858
1 0.2696078431372549 0.6882019704433499 0.11245098039215685 0.15938423645320196
1 0.017777777777777778 0.7635467980295566 0.035555555555555556 0.0724384236453202
1 0.09467320261437909 0.7997783251231526 0.09130718954248367 0.10721674876847291
1 0.22011437908496734 0.8287438423645321 0.0865032679738562 0.12748768472906402
1 0.6185130718954248 0.7571674876847291 0.5545915032679739 0.4856650246305419
1 0.6651307189542484 0.286871921182266 0.5766993464052288 0.45204433497536944